3.28315  -1.12439
3.31192  -1.08316
3.32836  -1.06314
3.35244  -1.03867
3.37323  -1.0172
3.42329  -0.95992
3.44728  -0.93229
3.49433  -0.87186
3.5168   -0.84284
3.55911  -0.78155
3.58053  -0.75015
3.61927  -0.68679
3.63903  -0.6539
3.67364  -0.58769
3.68796  -0.56088
3.7223   -0.48496
3.73497  -0.4576
3.76821  -0.37137
3.77584  -0.35239
3.80258  -0.2692
3.81082  -0.24458
3.83331  -0.15797
3.83964  -0.13481
3.85652  -0.05075
3.86207  -0.02427
3.87519   0.06852
3.87835   0.08885
3.88567   0.17625
3.88793   0.1963
3.89046   0.29045
3.89144   0.31339
3.88863   0.40756
3.8884    0.42674
3.88031   0.51993
3.87894   0.53958
3.86556   0.63228
3.86349   0.64971
3.84449   0.74347
3.84091   0.76273
3.81715   0.85325
3.81303   0.87053
3.78365   0.96125
3.77904   0.97699
3.74408   1.06719
3.73821   1.08341
3.69868   1.17046
3.69176   1.18659
3.67489   1.2188
3.66741   1.23638
3.6373    1.33388
3.64211   1.40768
3.62136   1.42656
3.62076   1.4271
3.59407   1.45138
3.59348   1.45192
3.56679   1.4762
3.5662    1.47674
3.53951   1.50102
3.53892   1.50156
3.51223   1.52584
3.51164   1.52638
3.48495   1.55066
3.48436   1.55119
3.45767   1.57547
3.45708   1.57601
3.43039   1.60029
3.4298    1.60083
3.40311   1.62511
3.40252   1.62565
3.38176   1.64453
3.33154   1.70412
3.28182   1.73872
3.18634   1.81753
3.13665   1.85212
3.00098   1.88341
2.86885   1.93955
2.85247   1.94527
2.77562   1.96797
2.75763   1.97196
2.67896   1.98285
2.65886   1.98403
2.57787   1.9829
2.56057   1.98112
2.48011   1.96774
2.46596   1.96418
2.38844   1.93892
2.37422   1.93306
2.29805   1.89475
2.28755   1.88838
2.19539   1.82284
2.18241   1.82372
2.1657    1.79082
2.16533   1.7901
2.14899   1.75794
2.14863   1.75722
2.13229   1.72506
2.13193   1.72434
2.11558   1.69217
2.11522   1.69146
2.09888   1.65929
2.09852   1.65858
2.08218   1.62641
2.08181   1.6257
2.06816   1.59882
2.06756   1.59819
2.05467   1.5645
2.05438   1.56375
2.04148   1.53005
2.0412    1.52931
2.0283    1.49561
2.02801   1.49486
2.01512   1.46117
2.01483   1.46042
2.00193   1.42672
2.00164   1.42597
1.98875   1.39228
1.98846   1.39153
1.97556   1.35783
1.97528   1.35709
1.9613    1.32058
1.92992   1.27302
1.92697   1.26095
1.92259   1.25401
1.94246   1.23457
1.92727   1.15832
1.92496   1.13801
1.91241   1.06067
1.90969   1.03999
1.89845   0.96207
1.89568   0.94009
1.88577   0.86238
1.8830    0.84067
1.87309   0.76296
1.87038   0.74168
1.86048   0.66408
1.85836   0.64287
1.84987   0.56549
1.84816   0.54523
1.84184   0.4671
1.84095   0.44616
1.83724   0.36833
1.83704   0.34737
1.83592   0.27002
1.83642   0.2485
1.83787   0.17099
1.83907   0.14967
1.84313   0.07136
1.84502   0.05067
1.85168  -0.02749
1.85424  -0.04782
1.86338  -0.12484
1.86665  -0.14554
1.87848  -0.22313
1.88235  -0.24315
1.89673  -0.32025
1.90128  -0.34019
1.91822  -0.41681
1.92341  -0.43655
1.94275  -0.51204
1.94865  -0.53185
1.97056  -0.60693
1.95973  -0.62652
1.96175  -0.65756
2.00911  -0.78399
2.02042  -0.8113
2.02073  -0.81204
2.03454  -0.84537
2.03484  -0.84612
2.04865  -0.87945
2.04896  -0.88019
2.06276  -0.91352
2.06307  -0.91426
2.07688  -0.9476
2.07718  -0.94834
2.09099  -0.98167
2.0913   -0.98241
2.10511  -1.01574
2.10549  -1.01667
2.1193   -1.0500
2.1196   -1.05074
2.13341  -1.08407
2.13372  -1.08482
2.14752  -1.11815
2.14783  -1.11889
2.16164  -1.15222
2.16194  -1.15296
2.17575  -1.1863
2.17606  -1.18704
2.18986  -1.22037
2.19017  -1.22111
2.20149  -1.24842
2.14463  -1.27494
2.29362  -1.31483
2.29362  -1.33144
2.29544  -1.33443
2.35993  -1.33443
2.39619  -1.37323
2.40915  -1.4003
2.41225  -1.42198
2.41293  -1.43148
2.41293  -1.46854
2.41224  -1.47678
2.40762  -1.50441
2.39801  -1.51641
2.41921  -1.59223
2.42117  -1.61022
2.4188   -1.64283
2.41628  -1.6561
2.40573  -1.68971
2.31498  -1.7387
2.35349  -1.7387
2.37428  -1.73504
2.42744  -1.71349
2.44623  -1.70983
2.52369  -1.70983
2.52459  -1.69997
2.55911  -1.65498
2.55296  -1.63799
2.57391  -1.6018
2.63299  -1.61714
2.63369  -1.61989
2.6938   -1.6355
2.69434  -1.63821
2.75443  -1.65481
2.75517  -1.65658
2.81471  -1.67203
2.81467  -1.70788
2.80425  -1.71158
2.85703  -1.71158
2.87846  -1.71602
2.93644  -1.74139
2.95732  -1.74595
2.98698  -1.74595
2.89768  -1.68233
2.88199  -1.62282
2.88163  -1.5916
2.90045  -1.51041
2.89049  -1.49841
2.88786  -1.48925
2.88591  -1.47397
2.88591  -1.43566
2.88946  -1.41714
2.90082  -1.39278
2.91335  -1.37624
2.96348  -1.33481
3.00975  -1.33481
3.06005  -1.29777
3.19404  -1.21404
3.20225  -1.20891
3.30634  -1.20891
3.28315  -1.12439
