    0.100000E-02   0.220000E+04   0.101000E+14   0.124090E+08   0.300004E+04   0.000000E+00
    0.319285E-01   0.219600E+04   0.100694E+14   0.124090E+08   0.300015E+04   0.000000E+00
    0.619013E-01   0.218499E+04   0.998549E+13   0.122250E+08   0.300051E+04   0.000000E+00
    0.909480E-01   0.216765E+04   0.985390E+13   0.115228E+08   0.300163E+04   0.000000E+00
    0.119097E+00   0.214466E+04   0.968048E+13   0.118656E+08   0.300504E+04   0.000000E+00
    0.146377E+00   0.211665E+04   0.947089E+13   0.132722E+08   0.301498E+04   0.000000E+00
    0.172813E+00   0.208422E+04   0.923056E+13   0.140913E+08   0.304295E+04   0.000000E+00
    0.198433E+00   0.204793E+04   0.896464E+13   0.158101E+08   0.311838E+04   0.000000E+00
    0.223260E+00   0.200832E+04   0.867794E+13   0.175445E+08   0.331066E+04   0.000000E+00
    0.247321E+00   0.196587E+04   0.837492E+13   0.196101E+08   0.375883E+04   0.000000E+00
    0.270639E+00   0.192105E+04   0.805966E+13   0.221408E+08   0.465235E+04   0.000000E+00
    0.293235E+00   0.187426E+04   0.773585E+13   0.251075E+08   0.602934E+04   0.000000E+00
    0.315134E+00   0.182590E+04   0.740679E+13   0.287344E+08   0.752817E+04   0.000000E+00
    0.336356E+00   0.177630E+04   0.707545E+13   0.328802E+08   0.867455E+04   0.000000E+00
    0.356922E+00   0.172581E+04   0.674440E+13   0.377988E+08   0.934861E+04   0.000000E+00
    0.376853E+00   0.167469E+04   0.641589E+13   0.441604E+08   0.969068E+04   0.000000E+00
    0.396168E+00   0.162322E+04   0.609186E+13   0.503828E+08   0.985367E+04   0.000000E+00
    0.414886E+00   0.157163E+04   0.577396E+13   0.589010E+08   0.993002E+04   0.000000E+00
    0.433025E+00   0.152013E+04   0.546355E+13   0.699509E+08   0.996595E+04   0.000000E+00
    0.450604E+00   0.146890E+04   0.516177E+13   0.798839E+08   0.998310E+04   0.000000E+00
    0.467640E+00   0.141811E+04   0.486951E+13   0.933779E+08   0.999144E+04   0.000000E+00
    0.484150E+00   0.136790E+04   0.458749E+13   0.111789E+09   0.999557E+04   0.000000E+00
    0.500149E+00   0.131841E+04   0.431623E+13   0.134640E+09   0.999765E+04   0.000000E+00
    0.515655E+00   0.126973E+04   0.405609E+13   0.151083E+09   0.999872E+04   0.000000E+00
    0.530680E+00   0.122197E+04   0.380732E+13   0.177285E+09   0.999927E+04   0.000000E+00
    0.545242E+00   0.117519E+04   0.357001E+13   0.212624E+09   0.999954E+04   0.000000E+00
    0.559354E+00   0.112948E+04   0.334417E+13   0.256211E+09   0.999965E+04   0.000000E+00
    0.573030E+00   0.108488E+04   0.312973E+13   0.293380E+09   0.999965E+04   0.000000E+00
    0.586283E+00   0.104143E+04   0.292653E+13   0.330953E+09   0.999954E+04   0.000000E+00
    0.599126E+00   0.999173E+03   0.273434E+13   0.386998E+09   0.999931E+04   0.000000E+00
    0.611573E+00   0.958131E+03   0.255289E+13   0.459749E+09   0.999891E+04   0.000000E+00
    0.623635E+00   0.918322E+03   0.238188E+13   0.547568E+09   0.999826E+04   0.000000E+00
    0.635324E+00   0.879757E+03   0.222096E+13   0.648734E+09   0.999724E+04   0.000000E+00
    0.646653E+00   0.842438E+03   0.206975E+13   0.708876E+09   0.999567E+04   0.000000E+00
    0.657631E+00   0.806366E+03   0.192788E+13   0.801592E+09   0.999329E+04   0.000000E+00
    0.668270E+00   0.771534E+03   0.179494E+13   0.923780E+09   0.998975E+04   0.000000E+00
    0.678580E+00   0.737932E+03   0.167052E+13   0.107256E+10   0.998457E+04   0.000000E+00
    0.688572E+00   0.705545E+03   0.155423E+13   0.124527E+10   0.997707E+04   0.000000E+00
    0.698255E+00   0.674357E+03   0.144564E+13   0.143942E+10   0.996641E+04   0.000000E+00
    0.707638E+00   0.644347E+03   0.134437E+13   0.162477E+10   0.995148E+04   0.000000E+00
    0.716732E+00   0.615493E+03   0.125000E+13   0.179731E+10   0.993093E+04   0.000000E+00
    0.725545E+00   0.587770E+03   0.116217E+13   0.200652E+10   0.990316E+04   0.000000E+00
    0.734085E+00   0.561152E+03   0.108048E+13   0.224873E+10   0.986636E+04   0.000000E+00
    0.742362E+00   0.535613E+03   0.100458E+13   0.252051E+10   0.981867E+04   0.000000E+00
    0.750383E+00   0.511123E+03   0.934109E+12   0.281869E+10   0.975836E+04   0.000000E+00
    0.758156E+00   0.487654E+03   0.868740E+12   0.314035E+10   0.968416E+04   0.000000E+00
    0.765688E+00   0.465175E+03   0.808146E+12   0.348275E+10   0.959555E+04   0.000000E+00
    0.772989E+00   0.443656E+03   0.752020E+12   0.385003E+10   0.949316E+04   0.000000E+00
    0.780063E+00   0.423067E+03   0.700069E+12   0.424522E+10   0.937887E+04   0.000000E+00
    0.786919E+00   0.403377E+03   0.652013E+12   0.464867E+10   0.925581E+04   0.000000E+00
    0.793563E+00   0.384556E+03   0.607590E+12   0.505888E+10   0.912803E+04   0.000000E+00
    0.800002E+00   0.366573E+03   0.566550E+12   0.547446E+10   0.899997E+04   0.000000E+00
    0.806241E+00   0.349399E+03   0.528657E+12   0.589415E+10   0.887582E+04   0.000000E+00
    0.812288E+00   0.333004E+03   0.493691E+12   0.631679E+10   0.875906E+04   0.000000E+00
    0.818149E+00   0.317358E+03   0.461442E+12   0.674133E+10   0.865217E+04   0.000000E+00
    0.823828E+00   0.302433E+03   0.431715E+12   0.716679E+10   0.855652E+04   0.000000E+00
    0.829331E+00   0.288201E+03   0.404326E+12   0.759230E+10   0.847254E+04   0.000000E+00
    0.834665E+00   0.274634E+03   0.379104E+12   0.804899E+10   0.839991E+04   0.000000E+00
    0.839833E+00   0.261706E+03   0.355889E+12   0.855078E+10   0.833783E+04   0.000000E+00
    0.844842E+00   0.249390E+03   0.334529E+12   0.903106E+10   0.828524E+04   0.000000E+00
    0.849697E+00   0.237661E+03   0.314886E+12   0.949087E+10   0.824097E+04   0.000000E+00
    0.854401E+00   0.226495E+03   0.296828E+12   0.993118E+10   0.820385E+04   0.000000E+00
    0.858960E+00   0.215866E+03   0.280235E+12   0.103529E+11   0.817280E+04   0.000000E+00
    0.863378E+00   0.205753E+03   0.264993E+12   0.107570E+11   0.814687E+04   0.000000E+00
    0.867659E+00   0.196133E+03   0.250999E+12   0.111441E+11   0.812520E+04   0.000000E+00
    0.871808E+00   0.186984E+03   0.238154E+12   0.115152E+11   0.810708E+04   0.000000E+00
    0.875829E+00   0.178284E+03   0.226368E+12   0.118710E+11   0.809190E+04   0.000000E+00
    0.879726E+00   0.170015E+03   0.215557E+12   0.122121E+11   0.807916E+04   0.000000E+00
    0.883503E+00   0.162156E+03   0.205645E+12   0.125393E+11   0.806844E+04   0.000000E+00
    0.887162E+00   0.154689E+03   0.196559E+12   0.128532E+11   0.805940E+04   0.000000E+00
    0.890709E+00   0.147595E+03   0.188233E+12   0.132006E+11   0.805175E+04   0.000000E+00
    0.894146E+00   0.140858E+03   0.180606E+12   0.135302E+11   0.804525E+04   0.000000E+00
    0.897477E+00   0.134461E+03   0.173621E+12   0.138393E+11   0.803972E+04   0.000000E+00
    0.900704E+00   0.128387E+03   0.167225E+12   0.141292E+11   0.803499E+04   0.000000E+00
    0.903833E+00   0.122622E+03   0.161372E+12   0.144010E+11   0.803094E+04   0.000000E+00
    0.906864E+00   0.117150E+03   0.156016E+12   0.146559E+11   0.802745E+04   0.000000E+00
    0.909802E+00   0.111958E+03   0.151116E+12   0.148949E+11   0.802445E+04   0.000000E+00
    0.912649E+00   0.107033E+03   0.146635E+12   0.151189E+11   0.802184E+04   0.000000E+00
    0.915408E+00   0.102361E+03   0.142538E+12   0.153290E+11   0.801958E+04   0.000000E+00
    0.918082E+00   0.979297E+02   0.138792E+12   0.155259E+11   0.801762E+04   0.000000E+00
    0.920673E+00   0.937279E+02   0.135369E+12   0.157105E+11   0.801590E+04   0.000000E+00
    0.923184E+00   0.897441E+02   0.132242E+12   0.158835E+11   0.801439E+04   0.000000E+00
    0.925617E+00   0.859675E+02   0.129385E+12   0.160456E+11   0.801306E+04   0.000000E+00
    0.927976E+00   0.823879E+02   0.126776E+12   0.161976E+11   0.801189E+04   0.000000E+00
    0.930261E+00   0.789955E+02   0.124393E+12   0.163400E+11   0.801086E+04   0.000000E+00
    0.932476E+00   0.757809E+02   0.122219E+12   0.164699E+11   0.800994E+04   0.000000E+00
    0.934622E+00   0.727352E+02   0.120234E+12   0.165739E+11   0.800913E+04   0.000000E+00
    0.936703E+00   0.698499E+02   0.118422E+12   0.166735E+11   0.800840E+04   0.000000E+00
    0.938718E+00   0.671170E+02   0.116770E+12   0.167689E+11   0.800775E+04   0.000000E+00
    0.940672E+00   0.645286E+02   0.115263E+12   0.168603E+11   0.800717E+04   0.000000E+00
    0.942565E+00   0.620775E+02   0.113889E+12   0.169479E+11   0.800665E+04   0.000000E+00
    0.944400E+00   0.597566E+02   0.112635E+12   0.170319E+11   0.800618E+04   0.000000E+00
    0.946178E+00   0.575593E+02   0.111493E+12   0.171125E+11   0.800576E+04   0.000000E+00
    0.947901E+00   0.554792E+02   0.110452E+12   0.171897E+11   0.800538E+04   0.000000E+00
    0.949570E+00   0.535104E+02   0.109503E+12   0.172638E+11   0.800503E+04   0.000000E+00
    0.951189E+00   0.516470E+02   0.108639E+12   0.173349E+11   0.800472E+04   0.000000E+00
    0.952757E+00   0.498836E+02   0.107852E+12   0.174032E+11   0.800443E+04   0.000000E+00
    0.954277E+00   0.482151E+02   0.107135E+12   0.174687E+11   0.800417E+04   0.000000E+00
    0.955749E+00   0.466364E+02   0.106482E+12   0.175316E+11   0.800393E+04   0.000000E+00
    0.957177E+00   0.451429E+02   0.105888E+12   0.175920E+11   0.800371E+04   0.000000E+00
    0.958560E+00   0.437303E+02   0.105347E+12   0.176500E+11   0.800351E+04   0.000000E+00
    0.959900E+00   0.423941E+02   0.104854E+12   0.177057E+11   0.800333E+04   0.000000E+00
    0.961199E+00   0.411304E+02   0.104406E+12   0.177593E+11   0.800316E+04   0.000000E+00
    0.962458E+00   0.399355E+02   0.103999E+12   0.178107E+11   0.800301E+04   0.000000E+00
    0.963678E+00   0.388056E+02   0.103628E+12   0.178602E+11   0.800286E+04   0.000000E+00
    0.964860E+00   0.377374E+02   0.103291E+12   0.179078E+11   0.800273E+04   0.000000E+00
    0.966006E+00   0.367275E+02   0.102985E+12   0.179290E+11   0.800261E+04   0.000000E+00
    0.967116E+00   0.357730E+02   0.102707E+12   0.179418E+11   0.800250E+04   0.000000E+00
    0.968192E+00   0.348707E+02   0.102454E+12   0.179576E+11   0.800239E+04   0.000000E+00
    0.969235E+00   0.340181E+02   0.102224E+12   0.179761E+11   0.800229E+04   0.000000E+00
    0.970246E+00   0.332124E+02   0.102015E+12   0.179969E+11   0.800220E+04   0.000000E+00
    0.971225E+00   0.324510E+02   0.101825E+12   0.180199E+11   0.800212E+04   0.000000E+00
    0.972174E+00   0.317318E+02   0.101653E+12   0.180447E+11   0.800204E+04   0.000000E+00
    0.973094E+00   0.310523E+02   0.101496E+12   0.180712E+11   0.800197E+04   0.000000E+00
    0.973985E+00   0.304105E+02   0.101354E+12   0.180992E+11   0.800190E+04   0.000000E+00
    0.974849E+00   0.298043E+02   0.101225E+12   0.181285E+11   0.800183E+04   0.000000E+00
    0.975686E+00   0.292318E+02   0.101108E+12   0.181590E+11   0.800177E+04   0.000000E+00
    0.976497E+00   0.286912E+02   0.101002E+12   0.181903E+11   0.800172E+04   0.000000E+00
    0.977284E+00   0.281808E+02   0.100906E+12   0.182225E+11   0.800166E+04   0.000000E+00
    0.978045E+00   0.276989E+02   0.100819E+12   0.182554E+11   0.800161E+04   0.000000E+00
    0.978784E+00   0.272440E+02   0.100740E+12   0.182889E+11   0.800157E+04   0.000000E+00
    0.979499E+00   0.268146E+02   0.100668E+12   0.183228E+11   0.800152E+04   0.000000E+00
    0.980193E+00   0.264094E+02   0.100603E+12   0.183570E+11   0.800148E+04   0.000000E+00
    0.980865E+00   0.260270E+02   0.100545E+12   0.183915E+11   0.800144E+04   0.000000E+00
    0.981516E+00   0.256662E+02   0.100491E+12   0.184261E+11   0.800140E+04   0.000000E+00
    0.982147E+00   0.253258E+02   0.100443E+12   0.184608E+11   0.800137E+04   0.000000E+00
    0.982759E+00   0.250047E+02   0.100400E+12   0.184956E+11   0.800134E+04   0.000000E+00
    0.983351E+00   0.247018E+02   0.100360E+12   0.185302E+11   0.800130E+04   0.000000E+00
    0.983926E+00   0.244161E+02   0.100324E+12   0.185648E+11   0.800128E+04   0.000000E+00
    0.984482E+00   0.241468E+02   0.100292E+12   0.185992E+11   0.800125E+04   0.000000E+00
    0.985022E+00   0.238928E+02   0.100263E+12   0.186333E+11   0.800122E+04   0.000000E+00
    0.985544E+00   0.236534E+02   0.100236E+12   0.186672E+11   0.800120E+04   0.000000E+00
    0.986051E+00   0.234278E+02   0.100213E+12   0.187146E+11   0.800117E+04   0.000000E+00
    0.986542E+00   0.232151E+02   0.100191E+12   0.188020E+11   0.800115E+04   0.000000E+00
    0.987018E+00   0.230147E+02   0.100172E+12   0.188819E+11   0.800113E+04   0.000000E+00
    0.987479E+00   0.228259E+02   0.100154E+12   0.189547E+11   0.800111E+04   0.000000E+00
    0.987926E+00   0.226480E+02   0.100138E+12   0.190210E+11   0.800109E+04   0.000000E+00
    0.988359E+00   0.224805E+02   0.100124E+12   0.190812E+11   0.800107E+04   0.000000E+00
    0.988778E+00   0.223228E+02   0.100111E+12   0.191357E+11   0.800105E+04   0.000000E+00
    0.989185E+00   0.221743E+02   0.100100E+12   0.191850E+11   0.800103E+04   0.000000E+00
    0.989579E+00   0.220344E+02   0.100089E+12   0.192295E+11   0.800102E+04   0.000000E+00
    0.989961E+00   0.219028E+02   0.100080E+12   0.192694E+11   0.800100E+04   0.000000E+00
    0.990331E+00   0.217790E+02   0.100071E+12   0.193052E+11   0.800099E+04   0.000000E+00
    0.990690E+00   0.216625E+02   0.100064E+12   0.193370E+11   0.800097E+04   0.000000E+00
    0.991038E+00   0.215530E+02   0.100057E+12   0.193653E+11   0.800096E+04   0.000000E+00
    0.991375E+00   0.214499E+02   0.100051E+12   0.193903E+11   0.800095E+04   0.000000E+00
    0.991701E+00   0.213530E+02   0.100045E+12   0.194122E+11   0.800093E+04   0.000000E+00
    0.992017E+00   0.212620E+02   0.100040E+12   0.194313E+11   0.800092E+04   0.000000E+00
    0.992324E+00   0.211764E+02   0.100036E+12   0.194477E+11   0.800091E+04   0.000000E+00
    0.992621E+00   0.210960E+02   0.100032E+12   0.194618E+11   0.800090E+04   0.000000E+00
    0.992909E+00   0.210205E+02   0.100028E+12   0.194736E+11   0.800089E+04   0.000000E+00
    0.993188E+00   0.209496E+02   0.100025E+12   0.194834E+11   0.800088E+04   0.000000E+00
    0.993459E+00   0.208830E+02   0.100022E+12   0.194913E+11   0.800087E+04   0.000000E+00
    0.993721E+00   0.208205E+02   0.100020E+12   0.194975E+11   0.800086E+04   0.000000E+00
    0.993975E+00   0.207620E+02   0.100017E+12   0.195021E+11   0.800085E+04   0.000000E+00
    0.994221E+00   0.207070E+02   0.100015E+12   0.195053E+11   0.800085E+04   0.000000E+00
    0.994459E+00   0.206555E+02   0.100013E+12   0.195072E+11   0.800084E+04   0.000000E+00
    0.994690E+00   0.206072E+02   0.100012E+12   0.195078E+11   0.800083E+04   0.000000E+00
    0.994914E+00   0.205620E+02   0.100010E+12   0.195073E+11   0.800082E+04   0.000000E+00
    0.995131E+00   0.205197E+02   0.100009E+12   0.195059E+11   0.800081E+04   0.000000E+00
    0.995342E+00   0.204800E+02   0.100008E+12   0.195035E+11   0.800081E+04   0.000000E+00
    0.995546E+00   0.204430E+02   0.100007E+12   0.195003E+11   0.800080E+04   0.000000E+00
    0.995743E+00   0.204083E+02   0.100006E+12   0.194964E+11   0.800080E+04   0.000000E+00
    0.995935E+00   0.203759E+02   0.100005E+12   0.194881E+11   0.800079E+04   0.000000E+00
    0.996120E+00   0.203456E+02   0.100005E+12   0.194754E+11   0.800078E+04   0.000000E+00
    0.996300E+00   0.203174E+02   0.100004E+12   0.194632E+11   0.800078E+04   0.000000E+00
    0.996474E+00   0.202910E+02   0.100003E+12   0.194513E+11   0.800077E+04   0.000000E+00
    0.996643E+00   0.202665E+02   0.100003E+12   0.194398E+11   0.800077E+04   0.000000E+00
    0.996807E+00   0.202436E+02   0.100003E+12   0.194286E+11   0.800076E+04   0.000000E+00
    0.996966E+00   0.202223E+02   0.100002E+12   0.194178E+11   0.800076E+04   0.000000E+00
    0.997119E+00   0.202024E+02   0.100002E+12   0.194073E+11   0.800075E+04   0.000000E+00
    0.997268E+00   0.201840E+02   0.100002E+12   0.193972E+11   0.800075E+04   0.000000E+00
    0.997413E+00   0.201669E+02   0.100001E+12   0.193873E+11   0.800074E+04   0.000000E+00
    0.997553E+00   0.201510E+02   0.100001E+12   0.193778E+11   0.800074E+04   0.000000E+00
    0.997688E+00   0.201363E+02   0.100001E+12   0.193686E+11   0.800074E+04   0.000000E+00
    0.997819E+00   0.201227E+02   0.100001E+12   0.193596E+11   0.800073E+04   0.000000E+00
    0.997947E+00   0.201101E+02   0.100001E+12   0.193509E+11   0.800073E+04   0.000000E+00
    0.998070E+00   0.200985E+02   0.100001E+12   0.193425E+11   0.800072E+04   0.000000E+00
    0.998190E+00   0.200878E+02   0.100000E+12   0.193344E+11   0.800072E+04   0.000000E+00
    0.998306E+00   0.200780E+02   0.100000E+12   0.193265E+11   0.800072E+04   0.000000E+00
    0.998418E+00   0.200689E+02   0.100000E+12   0.193188E+11   0.800071E+04   0.000000E+00
    0.998527E+00   0.200606E+02   0.100000E+12   0.193114E+11   0.800071E+04   0.000000E+00
    0.998632E+00   0.200530E+02   0.100000E+12   0.193042E+11   0.800071E+04   0.000000E+00
    0.998734E+00   0.200461E+02   0.100000E+12   0.192972E+11   0.800071E+04   0.000000E+00
    0.998834E+00   0.200398E+02   0.100000E+12   0.192905E+11   0.800070E+04   0.000000E+00
    0.998929E+00   0.200341E+02   0.100000E+12   0.192840E+11   0.800070E+04   0.000000E+00
    0.999023E+00   0.200290E+02   0.100000E+12   0.192776E+11   0.800070E+04   0.000000E+00
    0.999113E+00   0.200244E+02   0.100000E+12   0.192715E+11   0.800069E+04   0.000000E+00
    0.999200E+00   0.200202E+02   0.100000E+12   0.192655E+11   0.800069E+04   0.000000E+00
    0.999285E+00   0.200165E+02   0.100000E+12   0.192597E+11   0.800069E+04   0.000000E+00
    0.999367E+00   0.200133E+02   0.100000E+12   0.192542E+11   0.800069E+04   0.000000E+00
    0.999446E+00   0.200104E+02   0.100000E+12   0.192487E+11   0.800069E+04   0.000000E+00
    0.999523E+00   0.200080E+02   0.100000E+12   0.192435E+11   0.800068E+04   0.000000E+00
    0.999598E+00   0.200059E+02   0.100000E+12   0.192384E+11   0.800068E+04   0.000000E+00
    0.999670E+00   0.200041E+02   0.100000E+12   0.192335E+11   0.800068E+04   0.000000E+00
    0.999740E+00   0.200027E+02   0.100000E+12   0.192287E+11   0.800068E+04   0.000000E+00
    0.999808E+00   0.200015E+02   0.100000E+12   0.192241E+11   0.800068E+04   0.000000E+00
    0.999874E+00   0.200007E+02   0.100000E+12   0.192196E+11   0.800067E+04   0.000000E+00
    0.999938E+00   0.200002E+02   0.100000E+12   0.192152E+11   0.800067E+04   0.000000E+00
    0.100000E+01   0.200000E+02   0.100000E+12   0.192110E+11   0.800067E+04   0.000000E+00
