150
   0.200000E-01   0.107326E-05   0.406646E-04   0.264293E-03   0.970284E-03
   0.200003E-01   0.107327E-05   0.406650E-04   0.264296E-03   0.970294E-03
   0.200011E-01   0.107329E-05   0.406658E-04   0.264300E-03   0.970308E-03
   0.200023E-01   0.107331E-05   0.406668E-04   0.264306E-03   0.970327E-03
   0.200040E-01   0.107335E-05   0.406681E-04   0.264313E-03   0.970351E-03
   0.200062E-01   0.107340E-05   0.406697E-04   0.264322E-03   0.970380E-03
   0.200089E-01   0.107345E-05   0.406718E-04   0.264334E-03   0.970415E-03
   0.200122E-01   0.107352E-05   0.406743E-04   0.264347E-03   0.970457E-03
   0.200161E-01   0.107360E-05   0.406772E-04   0.264363E-03   0.970506E-03
   0.200208E-01   0.107370E-05   0.406806E-04   0.264382E-03   0.970563E-03
   0.200261E-01   0.107381E-05   0.406846E-04   0.264404E-03   0.970630E-03
   0.200323E-01   0.107394E-05   0.406893E-04   0.264429E-03   0.970706E-03
   0.200393E-01   0.107408E-05   0.406946E-04   0.264457E-03   0.970792E-03
   0.200473E-01   0.107425E-05   0.407007E-04   0.264490E-03   0.970891E-03
   0.200563E-01   0.107445E-05   0.407076E-04   0.264527E-03   0.971002E-03
   0.200665E-01   0.107466E-05   0.407154E-04   0.264569E-03   0.971127E-03
   0.200779E-01   0.107491E-05   0.407242E-04   0.264616E-03   0.971268E-03
   0.200906E-01   0.107519E-05   0.407341E-04   0.264669E-03   0.971426E-03
   0.201047E-01   0.107550E-05   0.407452E-04   0.264728E-03   0.971602E-03
   0.201204E-01   0.107584E-05   0.407575E-04   0.264794E-03   0.971799E-03
   0.201378E-01   0.107623E-05   0.407713E-04   0.264867E-03   0.972017E-03
   0.201571E-01   0.107666E-05   0.407866E-04   0.264949E-03   0.972259E-03
   0.201784E-01   0.107713E-05   0.408036E-04   0.265039E-03   0.972527E-03
   0.202018E-01   0.107766E-05   0.408224E-04   0.265139E-03   0.972823E-03
   0.202276E-01   0.107824E-05   0.408432E-04   0.265249E-03   0.973149E-03
   0.202560E-01   0.107889E-05   0.408661E-04   0.265370E-03   0.973509E-03
   0.202871E-01   0.107960E-05   0.408913E-04   0.265504E-03   0.973906E-03
   0.203213E-01   0.108038E-05   0.409191E-04   0.265652E-03   0.974341E-03
   0.203587E-01   0.108124E-05   0.409497E-04   0.265813E-03   0.974819E-03
   0.203996E-01   0.108218E-05   0.409832E-04   0.265991E-03   0.975344E-03
   0.204444E-01   0.108321E-05   0.410200E-04   0.266186E-03   0.975918E-03
   0.204933E-01   0.108435E-05   0.410603E-04   0.266399E-03   0.976546E-03
   0.205467E-01   0.108559E-05   0.411044E-04   0.266632E-03   0.977233E-03
   0.206049E-01   0.108694E-05   0.411526E-04   0.266886E-03   0.977984E-03
   0.206684E-01   0.108842E-05   0.412052E-04   0.267164E-03   0.978803E-03
   0.207376E-01   0.109004E-05   0.412627E-04   0.267468E-03   0.979696E-03
   0.208129E-01   0.109181E-05   0.413254E-04   0.267798E-03   0.980670E-03
   0.208949E-01   0.109373E-05   0.413937E-04   0.268159E-03   0.981730E-03
   0.209840E-01   0.109582E-05   0.414681E-04   0.268551E-03   0.982883E-03
   0.210810E-01   0.109811E-05   0.415491E-04   0.268978E-03   0.984138E-03
   0.211863E-01   0.110059E-05   0.416372E-04   0.269442E-03   0.985502E-03
   0.213007E-01   0.110329E-05   0.417329E-04   0.269947E-03   0.986983E-03
   0.214249E-01   0.110622E-05   0.418370E-04   0.270494E-03   0.988591E-03
   0.215597E-01   0.110940E-05   0.419500E-04   0.271089E-03   0.990336E-03
   0.217060E-01   0.111286E-05   0.420727E-04   0.271735E-03   0.992229E-03
   0.218646E-01   0.111662E-05   0.422058E-04   0.272435E-03   0.994281E-03
   0.220366E-01   0.112069E-05   0.423502E-04   0.273193E-03   0.996505E-03
   0.222229E-01   0.112510E-05   0.425068E-04   0.274016E-03   0.998914E-03
   0.224249E-01   0.112989E-05   0.426765E-04   0.274907E-03   0.100152E-02
   0.226436E-01   0.113508E-05   0.428604E-04   0.275872E-03   0.100435E-02
   0.228805E-01   0.114070E-05   0.430596E-04   0.276916E-03   0.100740E-02
   0.231369E-01   0.114679E-05   0.432753E-04   0.278047E-03   0.101070E-02
   0.234144E-01   0.115338E-05   0.435088E-04   0.279270E-03   0.101428E-02
   0.237147E-01   0.116052E-05   0.437617E-04   0.280593E-03   0.101814E-02
   0.240396E-01   0.116826E-05   0.440356E-04   0.282026E-03   0.102232E-02
   0.243909E-01   0.117664E-05   0.443323E-04   0.283576E-03   0.102684E-02
   0.247707E-01   0.118573E-05   0.446537E-04   0.285255E-03   0.103173E-02
   0.251814E-01   0.119558E-05   0.450022E-04   0.287073E-03   0.103702E-02
   0.256252E-01   0.120626E-05   0.453801E-04   0.289042E-03   0.104275E-02
   0.261048E-01   0.121786E-05   0.457901E-04   0.291176E-03   0.104895E-02
   0.266229E-01   0.123046E-05   0.462351E-04   0.293490E-03   0.105566E-02
   0.271826E-01   0.124414E-05   0.467185E-04   0.296000E-03   0.106294E-02
   0.277870E-01   0.125902E-05   0.472439E-04   0.298725E-03   0.107083E-02
   0.284395E-01   0.127522E-05   0.478155E-04   0.301685E-03   0.107939E-02
   0.291440E-01   0.129286E-05   0.484380E-04   0.304903E-03   0.108868E-02
   0.299044E-01   0.131211E-05   0.491164E-04   0.308404E-03   0.109878E-02
   0.307249E-01   0.133312E-05   0.498567E-04   0.312217E-03   0.110976E-02
   0.316102E-01   0.135608E-05   0.506655E-04   0.316375E-03   0.112170E-02
   0.325652E-01   0.138122E-05   0.515504E-04   0.320914E-03   0.113472E-02
   0.335952E-01   0.140879E-05   0.525198E-04   0.325874E-03   0.114892E-02
   0.347060E-01   0.143906E-05   0.535835E-04   0.331303E-03   0.116442E-02
   0.359035E-01   0.147236E-05   0.547528E-04   0.337254E-03   0.118138E-02
   0.371944E-01   0.150906E-05   0.560402E-04   0.343786E-03   0.119994E-02
   0.385858E-01   0.154958E-05   0.574601E-04   0.350967E-03   0.122028E-02
   0.400851E-01   0.159439E-05   0.590290E-04   0.358874E-03   0.124262E-02
   0.417004E-01   0.164405E-05   0.607659E-04   0.367593E-03   0.126716E-02
   0.434404E-01   0.169922E-05   0.626927E-04   0.377225E-03   0.129418E-02
   0.453143E-01   0.176063E-05   0.648350E-04   0.387886E-03   0.132396E-02
   0.473321E-01   0.182917E-05   0.672224E-04   0.399709E-03   0.135685E-02
   0.495045E-01   0.190586E-05   0.698898E-04   0.412849E-03   0.139324E-02
   0.518427E-01   0.199190E-05   0.728778E-04   0.427485E-03   0.143356E-02
   0.543590E-01   0.208874E-05   0.762346E-04   0.443825E-03   0.147834E-02
   0.570664E-01   0.219806E-05   0.800169E-04   0.462113E-03   0.152817E-02
   0.599787E-01   0.232188E-05   0.842924E-04   0.482638E-03   0.158373E-02
   0.631108E-01   0.246263E-05   0.891419E-04   0.505735E-03   0.164583E-02
   0.664786E-01   0.262322E-05   0.946620E-04   0.531806E-03   0.171540E-02
   0.700988E-01   0.280717E-05   0.100970E-03   0.561324E-03   0.179355E-02
   0.739897E-01   0.301875E-05   0.108205E-03   0.594851E-03   0.188154E-02
   0.781703E-01   0.326311E-05   0.116537E-03   0.633052E-03   0.198086E-02
   0.826611E-01   0.354654E-05   0.126173E-03   0.676722E-03   0.209327E-02
   0.874839E-01   0.387678E-05   0.137363E-03   0.726815E-03   0.222081E-02
   0.926618E-01   0.426336E-05   0.150416E-03   0.784477E-03   0.236592E-02
   0.982195E-01   0.471809E-05   0.165715E-03   0.851093E-03   0.253146E-02
   0.104183E+00   0.525566E-05   0.183730E-03   0.928337E-03   0.272084E-02
   0.110580E+00   0.589440E-05   0.205047E-03   0.101824E-02   0.293808E-02
   0.117440E+00   0.665730E-05   0.230396E-03   0.112327E-02   0.318795E-02
   0.124794E+00   0.757325E-05   0.260691E-03   0.124642E-02   0.347610E-02
   0.132674E+00   0.867862E-05   0.297074E-03   0.139133E-02   0.380922E-02
   0.141117E+00   0.100194E-04   0.340982E-03   0.156246E-02   0.419519E-02
   0.150157E+00   0.116547E-04   0.394250E-03   0.176528E-02   0.464351E-02
   0.159834E+00   0.136608E-04   0.459230E-03   0.200661E-02   0.516557E-02
   0.170189E+00   0.161355E-04   0.538923E-03   0.229481E-02   0.577488E-02
   0.181263E+00   0.192042E-04   0.637145E-03   0.264009E-02   0.648730E-02
   0.193102E+00   0.230273E-04   0.758747E-03   0.305484E-02   0.732129E-02
   0.205753E+00   0.278094E-04   0.909861E-03   0.355399E-02   0.829806E-02
   0.219264E+00   0.338089E-04   0.109818E-02   0.415530E-02   0.944154E-02
   0.233687E+00   0.413493E-04   0.133325E-02   0.487950E-02   0.107781E-01
   0.249073E+00   0.508305E-04   0.162677E-02   0.575038E-02   0.123359E-01
   0.265479E+00   0.627511E-04   0.199318E-02   0.679546E-02   0.141456E-01
   0.282960E+00   0.777481E-04   0.245081E-02   0.804749E-02   0.162415E-01
   0.301576E+00   0.966164E-04   0.302236E-02   0.954422E-02   0.186602E-01
   0.321386E+00   0.120336E-03   0.373551E-02   0.113283E-01   0.214402E-01
   0.342451E+00   0.150116E-03   0.462415E-02   0.134479E-01   0.246218E-01
   0.364833E+00   0.187441E-03   0.572955E-02   0.159574E-01   0.282472E-01
   0.388596E+00   0.234127E-03   0.710170E-02   0.189174E-01   0.323604E-01
   0.413802E+00   0.292375E-03   0.880062E-02   0.223946E-01   0.370058E-01
   0.440514E+00   0.364892E-03   0.108994E-01   0.264636E-01   0.422290E-01
   0.468794E+00   0.454957E-03   0.134856E-01   0.312047E-01   0.480737E-01
   0.498702E+00   0.566491E-03   0.166622E-01   0.367018E-01   0.545776E-01
   0.530297E+00   0.704206E-03   0.205511E-01   0.430412E-01   0.617700E-01
   0.563632E+00   0.873904E-03   0.252999E-01   0.503137E-01   0.696707E-01
   0.598758E+00   0.108280E-02   0.310886E-01   0.586132E-01   0.782864E-01
   0.635720E+00   0.133842E-02   0.380971E-01   0.680024E-01   0.875859E-01
   0.674555E+00   0.164858E-02   0.465025E-01   0.785102E-01   0.974988E-01
   0.715291E+00   0.202224E-02   0.564967E-01   0.901429E-01   0.107920E+00
   0.757947E+00   0.247062E-02   0.683105E-01   0.102892E+00   0.118710E+00
   0.802528E+00   0.300850E-02   0.822387E-01   0.116732E+00   0.129681E+00
   0.849024E+00   0.364944E-02   0.985069E-01   0.131555E+00   0.140580E+00
   0.897408E+00   0.440640E-02   0.117275E+00   0.147180E+00   0.151090E+00
   0.947632E+00   0.529524E-02   0.138714E+00   0.163374E+00   0.160835E+00
   0.999624E+00   0.633721E-02   0.163047E+00   0.179844E+00   0.169379E+00
   0.105328E+01   0.755221E-02   0.190364E+00   0.196214E+00   0.176251E+00
   0.110848E+01   0.895847E-02   0.220602E+00   0.212029E+00   0.180983E+00
   0.116505E+01   0.105777E-01   0.253650E+00   0.226774E+00   0.183134E+00
   0.122279E+01   0.124341E-01   0.289315E+00   0.239880E+00   0.182346E+00
   0.128144E+01   0.145479E-01   0.327174E+00   0.250780E+00   0.178427E+00
   0.134070E+01   0.169405E-01   0.366696E+00   0.258932E+00   0.171380E+00
   0.140021E+01   0.196370E-01   0.407272E+00   0.263872E+00   0.161427E+00
   0.145955E+01   0.226761E-01   0.448325E+00   0.265263E+00   0.148964E+00
   0.151823E+01   0.261595E-01   0.489806E+00   0.262796E+00   0.134342E+00
   0.157568E+01   0.303781E-01   0.533040E+00   0.255823E+00   0.117421E+00
   0.163125E+01   0.360442E-01   0.581432E+00   0.242460E+00   0.971505E-01
   0.168422E+01   0.442446E-01   0.637578E+00   0.219622E+00   0.729075E-01
   0.173375E+01   0.551438E-01   0.694993E+00   0.187870E+00   0.483513E-01
   0.177892E+01   0.671862E-01   0.741911E+00   0.154299E+00   0.291719E-01
   0.181870E+01   0.788124E-01   0.774329E+00   0.125138E+00   0.167696E-01
   0.185198E+01   0.890343E-01   0.794305E+00   0.102821E+00   0.961115E-02
   0.187751E+01   0.970849E-01   0.805151E+00   0.877499E-01   0.583610E-02
   0.189399E+01   0.102294E+00   0.809893E+00   0.794263E-01   0.409445E-02
   0.190000E+01   0.104175E+00   0.811184E+00   0.767023E-01   0.358314E-02
